[0]
VOLT = 5.500000    
CURR = 22.000000