[0]
VOLT = 5.000000
CURR = 5.000000    